四元数点乘
0.457864,-0.797854,0.0105535,-0.392019	0.166041,-0.758177,0.626334,0.072827	0.658999
向量转换欧拉角
3,8,-1	-71.565,68.4319,0
欧拉角转换四元数
-880.966,1682.44,-588.72	-0.803674,0.524002,0.0820421,0.269811
欧拉角转换向量
-924.033,1662.45,37.5196	0.300506,-0.674945,-0.673903
欧拉角标准化
-93.112,-1076.97,1342.19	-93.112,3.03003,-97.8101
四元数求角度和旋转轴
0.828401,-0.459135,0.200497,0.250496	68.1303	-0.819686,0.357944,0.447206
四元数转换矩阵
0.392813,0.479694,0.56079,0.548732	-0.231184,0.969113,0.0858757,0,0.106917,-0.0624263,0.992307,0,0.967018,0.238587,-0.0891836,0,0,0,0,1  
